 1, 196,  436.13,    8.62, 1
 1, 197,  442.63,    8.62, 1
 1, 198,  449.14,    8.62, 1
 1, 199,  455.64,    8.62, 1
 1, 200,  462.15,    8.61, 1
 1, 201,  468.65,    8.61, 1
 1, 202,  475.16,    8.61, 1
 1, 203,  481.67,    8.61, 1
 1, 204,  488.17,    8.61, 1
 1, 205,  494.68,    8.61, 1
 1, 206,  501.19,    8.61, 1
 1, 207,  507.70,    8.61, 1
 1, 208,  514.21,    8.61, 1
 1, 209,  520.72,    8.62, 1
 1, 210,  527.23,    8.62, 1
 1, 211,  533.74,    8.62, 1
 1, 212,  540.25,    8.62, 1
 1, 213,  546.76,    8.63, 1
 1, 214,  553.27,    8.63, 1
 1, 215,  559.78,    8.63, 1
 1, 216,  566.29,    8.64, 1
 1, 217,  572.81,    8.64, 1
 1, 218,  579.32,    8.65, 1
 1, 219,  585.83,    8.65, 1
 1, 220,  592.35,    8.66, 1
 1, 221,  598.86,    8.66, 1
 1, 222,  605.38,    8.67, 1
 1, 223,  611.89,    8.68, 1
 1, 224,  618.41,    8.68, 1
 1, 225,  624.92,    8.69, 1
 1, 226,  631.44,    8.70, 1
 1, 238,  709.68,    8.82, 1
 1, 239,  716.20,    8.83, 1
 1, 240,  722.72,    8.84, 1
 1, 241,  729.25,    8.86, 1
 1, 242,  735.77,    8.87, 1
 1, 243,  742.30,    8.89, 1
 1, 244,  748.82,    8.90, 1
 1, 245,  755.35,    8.91, 1
 1, 246,  761.87,    8.93, 1
 1, 247,  768.40,    8.94, 1
 1, 248,  774.92,    8.96, 1
 1, 249,  781.45,    8.98, 1
 1, 250,  787.98,    8.99, 1
 1, 251,  794.51,    9.01, 1
 1, 252,  801.04,    9.03, 1
 1, 253,  807.56,    9.04, 1
 1, 254,  814.09,    9.06, 1
 1, 255,  820.62,    9.08, 1
 1, 256,  827.15,    9.10, 1
 1, 257,  833.68,    9.12, 1
 1, 258,  840.22,    9.14, 1
 1, 259,  846.75,    9.16, 1
 1, 260,  853.28,    9.18, 1
 1, 261,  859.81,    9.20, 1
 1, 262,  866.34,    9.22, 1
 1, 263,  872.88,    9.24, 1
 1, 264,  879.41,    9.26, 1
 1, 265,  885.95,    9.28, 1
 1, 266,  892.48,    9.30, 1
 1, 267,  899.02,    9.33, 1
 1, 268,  905.55,    9.35, 1
 1, 269,  912.09,    9.37, 1
 1, 270,  918.62,    9.39, 1
 1, 271,  925.16,    9.42, 1
 1, 272,  931.70,    9.44, 1
 1, 273,  938.24,    9.47, 1
 1, 274,  944.77,    9.49, 1
 1, 275,  951.31,    9.52, 1
 1, 276,  957.85,    9.54, 1
 1, 277,  964.39,    9.57, 1
 1, 278,  970.93,    9.60, 1
 1, 279,  977.47,    9.62, 1
 1, 280,  984.01,    9.65, 1
 1, 281,  990.55,    9.68, 1
 1, 282,  997.10,    9.71, 1
 1, 283, 1003.64,    9.73, 1
 1, 284, 1010.18,    9.76, 1
 0, 438, 1047.20,    9.92, 1
 0, 437, 1053.75,    9.94, 1
 0, 436, 1060.30,    9.97, 1
 0, 435, 1066.85,    9.99, 1
 0, 434, 1073.41,   10.02, 1
 0, 433, 1079.96,   10.04, 1
 0, 432, 1086.51,   10.07, 1
 0, 431, 1093.07,   10.09, 1
 0, 430, 1099.62,   10.11, 1
 0, 429, 1106.17,   10.14, 1
 0, 428, 1112.73,   10.16, 1
 0, 427, 1119.28,   10.19, 1
 0, 426, 1125.84,   10.21, 1
 0, 425, 1132.39,   10.23, 1
 0, 424, 1138.95,   10.26, 1
 0, 423, 1145.51,   10.28, 1
 0, 422, 1152.06,   10.31, 1
 0, 421, 1158.62,   10.33, 1
 0, 420, 1165.18,   10.35, 1
 0, 419, 1171.73,   10.38, 1
 0, 418, 1178.29,   10.40, 1
 0, 417, 1184.85,   10.43, 1
 0, 416, 1191.41,   10.45, 1
 0, 415, 1197.97,   10.47, 1
 0, 414, 1204.53,   10.50, 1
 0, 413, 1211.09,   10.52, 1
 0, 412, 1217.65,   10.54, 1
 0, 411, 1224.21,   10.57, 1
 0, 410, 1230.77,   10.59, 1
 0, 409, 1237.33,   10.62, 1
 0, 408, 1243.89,   10.64, 1
 0, 407, 1250.45,   10.66, 1
 0, 406, 1257.01,   10.69, 1
 0, 405, 1263.57,   10.71, 1
 0, 404, 1270.14,   10.73, 1
 0, 403, 1276.70,   10.76, 1
 0, 402, 1283.26,   10.78, 1
 0, 401, 1289.83,   10.80, 1
 0, 400, 1296.39,   10.83, 1
 0, 399, 1302.95,   10.85, 1
 0, 398, 1309.52,   10.87, 1
 0, 397, 1316.08,   10.90, 1
 0, 396, 1322.65,   10.92, 1
 0, 395, 1329.21,   10.94, 1
 0, 394, 1335.78,   10.97, 1
 0, 393, 1342.34,   10.99, 1
 0, 392, 1348.91,   11.01, 1
 0, 391, 1355.48,   11.03, 1
 0, 390, 1362.05,   11.06, 1
 0, 389, 1368.61,   11.08, 1
 0, 388, 1375.18,   11.10, 1
 0, 387, 1381.75,   11.13, 1
 0, 386, 1388.32,   11.15, 1
 0, 385, 1394.89,   11.17, 1
 0, 384, 1401.45,   11.19, 1
 0, 383, 1408.02,   11.22, 1
 0, 382, 1414.59,   11.24, 1
 0, 381, 1421.16,   11.26, 1
 0, 380, 1427.73,   11.29, 1
 0, 379, 1434.31,   11.31, 1
 0, 378, 1440.88,   11.33, 1
 0, 377, 1447.45,   11.35, 1
 0, 376, 1454.02,   11.38, 1
 0, 375, 1460.59,   11.40, 1
 0, 374, 1467.16,   11.42, 1
 0, 373, 1473.74,   11.44, 1
 0, 372, 1480.31,   11.47, 1
 0, 371, 1486.88,   11.49, 1
 0, 370, 1493.46,   11.51, 1
 0, 369, 1500.03,   11.53, 1
 0, 368, 1506.61,   11.55, 1
 0, 367, 1513.18,   11.58, 1
 0, 366, 1519.76,   11.60, 1
 0, 365, 1526.33,   11.62, 1
 0, 364, 1532.91,   11.64, 1
 0, 363, 1539.48,   11.67, 1
 0, 362, 1546.06,   11.69, 1
 0, 361, 1552.64,   11.71, 1
 0, 360, 1559.21,   11.73, 1
 0, 359, 1565.79,   11.75, 1
 0, 358, 1572.37,   11.78, 1
 0, 357, 1578.95,   11.80, 1
 0, 356, 1585.52,   11.82, 1
 0, 355, 1592.10,   11.84, 1
 0, 354, 1598.68,   11.86, 1
 0, 353, 1605.26,   11.88, 1
 0, 352, 1611.84,   11.91, 1
 0, 351, 1618.42,   11.93, 1
 0, 350, 1625.00,   11.95, 1
 0, 349, 1631.58,   11.97, 1
 0, 348, 1638.16,   11.99, 1
 0, 347, 1644.74,   12.01, 1
 0, 346, 1651.33,   12.04, 1
 0, 345, 1657.91,   12.06, 1
 0, 344, 1664.49,   12.08, 1
 0, 343, 1671.07,   12.10, 1
 0, 342, 1677.66,   12.12, 1
 0, 341, 1684.24,   12.14, 1
 0, 340, 1690.82,   12.16, 1
 0, 339, 1697.41,   12.19, 1
 0, 338, 1703.99,   12.21, 1
 0, 337, 1710.58,   12.23, 1
 0, 336, 1717.16,   12.25, 1
 0, 335, 1723.75,   12.27, 1
 0, 334, 1730.33,   12.29, 1
 0, 333, 1736.92,   12.31, 1
 0, 332, 1743.51,   12.33, 1
 0, 331, 1750.09,   12.36, 1
 0, 330, 1756.68,   12.38, 1
 0, 329, 1763.27,   12.40, 1
 0, 328, 1769.85,   12.42, 1
 0, 327, 1776.44,   12.44, 1
 0, 326, 1783.03,   12.46, 1
 0, 325, 1789.62,   12.48, 1
 0, 324, 1796.21,   12.50, 1
 0, 323, 1802.80,   12.52, 1
 0, 322, 1809.39,   12.54, 1
 0, 321, 1815.98,   12.56, 1
 0, 320, 1822.57,   12.58, 1
 0, 319, 1829.16,   12.61, 1
 0, 318, 1835.75,   12.63, 1
 0, 317, 1842.34,   12.65, 1
 0, 316, 1848.93,   12.67, 1
 0, 315, 1855.52,   12.69, 1
 0, 314, 1862.12,   12.71, 1
 0, 313, 1868.71,   12.73, 1
 0, 312, 1875.30,   12.75, 1
 0, 311, 1881.90,   12.77, 1
 0, 310, 1888.49,   12.79, 1
 0, 309, 1895.08,   12.81, 1
 0, 308, 1901.68,   12.83, 1
 0, 307, 1908.27,   12.85, 1
 0, 306, 1914.87,   12.87, 1
 0, 305, 1921.46,   12.89, 1
 0, 304, 1928.06,   12.91, 1
 0, 303, 1934.65,   12.93, 1
 0, 302, 1941.25,   12.95, 1
 0, 301, 1947.85,   12.97, 1
 0, 300, 1954.44,   12.99, 1
 0, 299, 1961.04,   13.01, 1
 0, 298, 1967.64,   13.03, 1
 0, 297, 1974.24,   13.05, 1
 0, 296, 1980.84,   13.07, 1
 0, 295, 1987.43,   13.09, 1
 0, 294, 1994.03,   13.11, 1
 0, 293, 2000.63,   13.13, 1
 0, 292, 2007.23,   13.15, 1
 0, 291, 2013.83,   13.17, 1
 0, 290, 2020.43,   13.19, 1
 0, 289, 2027.03,   13.21, 1
 0, 288, 2033.63,   13.23, 1
 0, 287, 2040.24,   13.25, 1
 0, 286, 2046.84,   13.27, 1
 0, 285, 2053.44,   13.29, 1
 0, 284, 2060.04,   13.31, 1
 0, 283, 2066.64,   13.33, 1
 0, 282, 2073.25,   13.35, 1
 0, 281, 2079.85,   13.37, 1
 0, 280, 2086.45,   13.39, 1
 0, 279, 2093.06,   13.41, 1
 0, 278, 2099.66,   13.43, 1
 0, 277, 2106.27,   13.44, 1
 0, 276, 2112.87,   13.46, 1
 0, 275, 2119.48,   13.48, 1
 0, 274, 2126.08,   13.50, 1
 0, 273, 2132.69,   13.52, 1
 0, 272, 2139.30,   13.54, 1
 0, 271, 2145.90,   13.56, 1
 0, 270, 2152.51,   13.58, 1
 0, 269, 2159.12,   13.60, 1
 0, 268, 2165.72,   13.62, 1
 0, 267, 2172.33,   13.64, 1
 0, 266, 2178.94,   13.65, 1
 0, 265, 2185.55,   13.67, 1
 0, 264, 2192.16,   13.69, 1
 0, 263, 2198.77,   13.71, 1
 0, 262, 2205.38,   13.73, 1
 0, 261, 2211.99,   13.75, 1
 0, 260, 2218.60,   13.77, 1
 0, 259, 2225.21,   13.79, 1
 0, 258, 2231.82,   13.81, 1
 0, 257, 2238.43,   13.82, 1
 0, 256, 2245.04,   13.84, 1
 0, 255, 2251.65,   13.86, 1
 0, 254, 2258.27,   13.88, 1
 0, 253, 2264.88,   13.90, 1
 0, 252, 2271.49,   13.92, 1
 0, 251, 2278.10,   13.94, 1
 0, 250, 2284.72,   13.95, 1
 0, 249, 2291.33,   13.97, 1
 0, 248, 2297.95,   13.99, 1
 0, 247, 2304.56,   14.01, 1
 0, 246, 2311.18,   14.03, 1
 0, 245, 2317.79,   14.05, 1
 0, 244, 2324.41,   14.06, 1
 0, 243, 2331.02,   14.08, 1
 0, 242, 2337.64,   14.10, 1
 0, 241, 2344.26,   14.12, 1
 0, 240, 2350.87,   14.14, 1
 0, 239, 2357.49,   14.15, 1
 0, 238, 2364.11,   14.17, 1
 0, 237, 2370.72,   14.19, 1
 0, 236, 2377.34,   14.21, 1
 0, 235, 2383.96,   14.23, 1
 0, 234, 2390.58,   14.24, 1
 0, 233, 2397.20,   14.26, 1
 0, 232, 2403.82,   14.28, 1
 0, 231, 2410.44,   14.30, 1
 0, 230, 2417.06,   14.32, 1
 0, 229, 2423.68,   14.33, 1
 0, 228, 2430.30,   14.35, 1
 0, 227, 2436.92,   14.37, 1
 0, 226, 2443.54,   14.39, 1
 0, 225, 2450.17,   14.40, 1
 0, 224, 2456.79,   14.42, 1
 0, 223, 2463.41,   14.44, 1
 0, 222, 2470.03,   14.46, 1
 0, 221, 2476.66,   14.48, 1
 0, 220, 2483.28,   14.49, 1
 0, 219, 2489.90,   14.51, 1
 0, 218, 2496.53,   14.53, 1
 0, 217, 2503.12,   14.54, 1
 0, 216, 2509.72,   14.56, 1
 0, 215, 2516.32,   14.58, 1
 0, 214, 2522.92,   14.60, 1
 0, 213, 2529.51,   14.61, 1
 0, 212, 2536.11,   14.63, 1
 0, 211, 2542.71,   14.65, 1
 0, 210, 2549.31,   14.67, 1
 0, 209, 2555.91,   14.68, 1
 0, 208, 2562.51,   14.70, 1
 0, 207, 2569.11,   14.72, 1
 0, 206, 2575.71,   14.73, 1
 0, 205, 2582.31,   14.75, 1
 0, 204, 2588.91,   14.77, 1
 0, 203, 2595.51,   14.78, 1
 0, 202, 2602.12,   14.80, 1
 0, 201, 2608.72,   14.82, 1
 0, 200, 2615.32,   14.84, 1
 0, 199, 2621.92,   14.85, 1
 0, 198, 2628.53,   14.87, 1
 0, 197, 2635.13,   14.89, 1
 0, 196, 2641.74,   14.90, 1
 0, 195, 2648.34,   14.92, 1
 0, 194, 2654.95,   14.94, 1
 0, 172, 2800.35,   15.29, 1
 0, 171, 2806.97,   15.31, 1
 0, 170, 2813.58,   15.33, 1
 0, 169, 2820.20,   15.34, 1
 0, 168, 2826.81,   15.36, 1
 0, 167, 2833.43,   15.37, 1
 0, 166, 2840.04,   15.39, 1
 0, 165, 2846.66,   15.40, 1
 0, 164, 2853.28,   15.42, 1
 0, 163, 2859.89,   15.44, 1
 0, 162, 2866.51,   15.45, 1
 0, 161, 2873.13,   15.47, 1
 0, 160, 2879.75,   15.48, 1
 0, 159, 2886.36,   15.50, 1
 0, 158, 2892.98,   15.51, 1
 0, 157, 2899.60,   15.53, 1
 0, 156, 2906.22,   15.54, 1
 0, 155, 2912.84,   15.56, 1
 0, 154, 2919.46,   15.58, 1
 0, 153, 2926.08,   15.59, 1
 0, 152, 2932.70,   15.61, 1
 0, 151, 2939.32,   15.62, 1
 0, 150, 2945.95,   15.64, 1
 0, 149, 2952.57,   15.65, 1
 0, 148, 2959.19,   15.67, 1
 0, 147, 2965.81,   15.68, 1
 0, 146, 2972.44,   15.70, 1
 0, 145, 2979.06,   15.71, 1
 0, 144, 2985.68,   15.73, 1
 0, 143, 2992.31,   15.74, 1
 0, 142, 2998.93,   15.76, 1
 0, 141, 3005.56,   15.77, 1
 0, 140, 3012.18,   15.79, 1
 0, 139, 3018.81,   15.80, 1
 0, 138, 3025.44,   15.82, 1
 0, 137, 3032.06,   15.83, 1
 0, 136, 3038.69,   15.85, 1
 0, 135, 3045.32,   15.86, 1
 0, 134, 3051.95,   15.88, 1
 0, 133, 3058.57,   15.89, 1
 0, 132, 3065.20,   15.91, 1
 0, 131, 3071.83,   15.92, 1
 0, 130, 3078.46,   15.93, 1
 0, 129, 3085.09,   15.95, 1
 0, 128, 3091.72,   15.96, 1
 0, 127, 3098.35,   15.98, 1
 0, 126, 3104.98,   15.99, 1
 0, 125, 3111.61,   16.01, 1
 0, 124, 3118.25,   16.02, 1
 0, 123, 3124.88,   16.04, 1
 0, 122, 3131.51,   16.05, 1
 0, 121, 3138.14,   16.06, 1
 0, 120, 3144.78,   16.08, 1
 0, 119, 3151.41,   16.09, 1
 0, 118, 3158.04,   16.11, 1
 0, 117, 3164.68,   16.12, 1
 0, 116, 3171.31,   16.14, 1
 0, 115, 3177.95,   16.15, 1
 0, 114, 3184.58,   16.16, 1
 0, 113, 3191.22,   16.18, 1
 0, 112, 3197.85,   16.19, 1
 0, 111, 3204.49,   16.21, 1
 0, 110, 3211.13,   16.22, 1
 0, 109, 3217.76,   16.23, 1
 0, 108, 3224.40,   16.25, 1
 0, 107, 3231.04,   16.26, 1
 0, 106, 3237.68,   16.28, 1
 0, 105, 3244.32,   16.29, 1
 0, 104, 3250.96,   16.30, 1
 0, 103, 3257.60,   16.32, 1
 0, 102, 3264.24,   16.33, 1
 0, 101, 3270.88,   16.34, 1
 0, 100, 3277.52,   16.36, 1
 0,  99, 3284.16,   16.37, 1
 0,  98, 3290.80,   16.38, 1
 0,  97, 3297.44,   16.40, 1
 0,  96, 3304.08,   16.41, 1
 0,  95, 3310.73,   16.43, 1
 0,  94, 3317.37,   16.44, 1
 0,  93, 3324.01,   16.45, 1
 0,  92, 3330.66,   16.47, 1
 0,  91, 3337.30,   16.48, 1
 0,  90, 3343.95,   16.49, 1
 0,  89, 3350.59,   16.51, 1
 0,  88, 3357.24,   16.52, 1
 0,  87, 3363.88,   16.53, 1
 0,  86, 3370.53,   16.54, 1
 0,  85, 3377.17,   16.56, 1
 0,  84, 3383.82,   16.57, 1
 0,  83, 3390.47,   16.58, 1
 0,  82, 3397.12,   16.60, 1
 0,  81, 3403.76,   16.61, 1
 0,  80, 3410.41,   16.62, 1
 0,  79, 3417.06,   16.64, 1
 0,  78, 3423.71,   16.65, 1
 0,  77, 3430.36,   16.66, 1
 0,  76, 3437.01,   16.67, 1
 0,  75, 3443.66,   16.69, 1
 0,  74, 3450.31,   16.70, 1
 0,  73, 3456.96,   16.71, 1
 0,  72, 3463.61,   16.73, 1
 0,  71, 3470.26,   16.74, 1
 0,  70, 3476.92,   16.75, 1
 0,  69, 3483.57,   16.76, 1
 0,  68, 3490.22,   16.78, 1
 0,  67, 3496.87,   16.79, 1
 0,  66, 3503.53,   16.80, 1
 0,  65, 3510.18,   16.81, 1
 0,  64, 3516.84,   16.83, 1
 0,  63, 3523.49,   16.84, 1
 0,  62, 3530.15,   16.85, 1
 0,  61, 3536.80,   16.86, 1
 0,  60, 3543.46,   16.88, 1
 0,  59, 3550.11,   16.89, 1
 0,  58, 3556.77,   16.90, 1
 0,  57, 3563.43,   16.91, 1
 0,  56, 3570.08,   16.93, 1
 0,  55, 3576.74,   16.94, 1
 0,  54, 3583.40,   16.95, 1
 0,  53, 3590.06,   16.96, 1
 0,  52, 3596.72,   16.97, 1
 0,  51, 3603.38,   16.99, 1
 0,  50, 3610.04,   17.00, 1
 0,  49, 3616.70,   17.01, 1
 0,  48, 3623.36,   17.02, 1
 0,  47, 3630.02,   17.03, 1
 0,  46, 3636.68,   17.05, 1
 0,  45, 3643.34,   17.06, 1
 0,  44, 3650.00,   17.07, 1
 0,  43, 3656.67,   17.08, 1
 0,  42, 3663.33,   17.09, 1
 0,  41, 3669.99,   17.10, 1
 0,  40, 3676.65,   17.12, 1
 0,  39, 3683.32,   17.13, 1
 0,  38, 3689.98,   17.14, 1
 0,  37, 3696.65,   17.15, 1
 0,  36, 3703.31,   17.16, 1
 0,  35, 3709.98,   17.17, 1
 0,  34, 3716.64,   17.19, 1
 0,  33, 3723.31,   17.20, 1
 0,  32, 3729.98,   17.21, 1
 0,  31, 3736.64,   17.22, 1
 0,  30, 3743.31,   17.23, 1
 0,  29, 3749.98,   17.24, 1
 0,  28, 3756.65,   17.25, 1
 0,  27, 3763.31,   17.27, 1
 0,  26, 3769.98,   17.28, 1
 0,  25, 3776.65,   17.29, 1
 0,  24, 3783.32,   17.30, 1
 0,  23, 3789.99,   17.31, 1
 0,  22, 3796.66,   17.32, 1
 0,  21, 3803.33,   17.33, 1
 0,  20, 3810.00,   17.34, 1
 0,  19, 3816.67,   17.35, 1
 0,  18, 3823.35,   17.37, 1
 0,  17, 3830.02,   17.38, 1
 0,  16, 3836.69,   17.39, 1
 0,  15, 3843.36,   17.40, 1
 0,  14, 3850.04,   17.41, 1
 0,  13, 3856.71,   17.42, 1
 0,  12, 3863.39,   17.43, 1
 0,  11, 3870.06,   17.44, 1
 0,  10, 3876.73,   17.45, 1
 0,   9, 3883.41,   17.46, 1
 0,   8, 3890.08,   17.47, 1
 0,   7, 3896.76,   17.48, 1
